# 300/300 iterations complete ✅ (34030.03s)
# Results saved to runs/detect/tune
# Best fitness=0.39102 observed at iteration 263
# Best fitness metrics are {'metrics/precision(B)': 0.73773, 'metrics/recall(B)': 0.59281, 'metrics/mAP50(B)': 0.68618, 'metrics/mAP50-95(B)': 0.35823, 'val/box_loss': 0.75151, 'val/cls_loss': 0.71767, 'val/dfl_loss': 2.711, 'fitness': 0.39102}
# Best fitness model is runs/detect/train264
# Best fitness hyperparameters are printed below.

lr0: 0.00105
lrf: 0.00554
momentum: 0.80569
weight_decay: 0.00027
warmup_epochs: 2.47912
warmup_momentum: 0.72036
box: 3.47315
cls: 0.29911
dfl: 3.32579
hsv_h: 0.01291
hsv_s: 0.88608
hsv_v: 0.25115
degrees: 0.0
translate: 0.10608
scale: 0.78376
shear: 0.0
perspective: 0.0
flipud: 0.0
fliplr: 0.35045
mosaic: 0.64963
mixup: 0.0
copy_paste: 0.0
